-270.34979248046875 0.0 -270.349853515625
-270.34979248046875 4.0768867620499805e-05 269.650146484375
-193.20693969726562 5.824123945785686e-06 -193.20700073242188
-193.20693969726562 1.1648247891571373e-05 -116.06413269042969
-193.20693969726562 1.7472370018367656e-05 -38.92127990722656
-193.20693969726562 2.3296495783142745e-05 38.221588134765625
-193.20693969726562 2.912061790993903e-05 115.36444091796875
-193.20693969726562 3.494474003673531e-05 192.50729370117188
-116.06407165527344 5.824123945785686e-06 -193.20700073242188
-116.06407165527344 3.494474003673531e-05 192.50729370117188
-38.92121887207031 5.824123945785686e-06 -193.20700073242188
-38.92121887207031 3.494474003673531e-05 192.50729370117188
38.221649169921875 5.824123945785686e-06 -193.20700073242188
38.221649169921875 3.494474003673531e-05 192.50729370117188
115.364501953125 5.824123945785686e-06 -193.20700073242188
115.364501953125 3.494474003673531e-05 192.50729370117188
192.50735473632812 5.824123945785686e-06 -193.20700073242188
192.50735473632812 1.1648247891571373e-05 -116.06413269042969
192.50735473632812 1.7472370018367656e-05 -38.92127990722656
192.50735473632812 2.3296495783142745e-05 38.221588134765625
192.50735473632812 2.912061790993903e-05 115.36444091796875
192.50735473632812 3.494474003673531e-05 192.50729370117188
269.65020751953125 0.0 -270.349853515625
269.65020751953125 4.0768867620499805e-05 269.650146484375
-252.93043518066406 0.0 -270.349853515625
-235.51107788085938 0.0 -270.349853515625
-218.09173583984375 0.0 -270.349853515625
-200.67236328125 0.0 -270.349853515625
-183.25302124023438 0.0 -270.349853515625
-165.8336639404297 0.0 -270.349853515625
-148.414306640625 0.0 -270.349853515625
-130.9949493408203 0.0 -270.349853515625
-113.57559204101562 0.0 -270.349853515625
-96.15625 0.0 -270.349853515625
-78.73689270019531 0.0 -270.349853515625
-61.317535400390625 0.0 -270.349853515625
-43.89817810058594 0.0 -270.349853515625
-26.47882080078125 0.0 -270.349853515625
-9.0594482421875 0.0 -270.349853515625
8.359893798828125 0.0 -270.349853515625
25.77923583984375 0.0 -270.349853515625
43.1986083984375 0.0 -270.349853515625
60.617950439453125 0.0 -270.349853515625
78.03729248046875 0.0 -270.349853515625
95.4566650390625 0.0 -270.349853515625
112.87600708007812 0.0 -270.349853515625
130.29537963867188 0.0 -270.349853515625
147.7147216796875 0.0 -270.349853515625
165.13409423828125 0.0 -270.349853515625
182.55343627929688 0.0 -270.349853515625
199.9727783203125 0.0 -270.349853515625
217.39215087890625 0.0 -270.349853515625
234.81149291992188 0.0 -270.349853515625
252.23089599609375 0.0 -270.349853515625
-193.20693969726562 2.912061972892843e-06 -231.77842712402344
-231.7783660888672 5.824123945785686e-06 -193.20700073242188
-231.7783660888672 2.912061972892843e-06 -231.77842712402344
-116.06407165527344 2.912061972892843e-06 -231.77842712402344
-154.635498046875 5.824123945785686e-06 -193.20700073242188
-154.635498046875 2.912061972892843e-06 -231.77842712402344
-38.92121887207031 2.912061972892843e-06 -231.77842712402344
-77.49264526367188 5.824123945785686e-06 -193.20700073242188
-77.49264526367188 2.912061972892843e-06 -231.77842712402344
38.221649169921875 2.912061972892843e-06 -231.77842712402344
-0.34979248046875 5.824123945785686e-06 -193.20700073242188
-0.34979248046875 2.912061972892843e-06 -231.77842712402344
115.364501953125 2.912061972892843e-06 -231.77842712402344
76.79306030273438 5.824123945785686e-06 -193.20700073242188
76.79302978515625 2.912061972892843e-06 -231.77842712402344
192.50735473632812 2.912061972892843e-06 -231.77842712402344
153.9359130859375 5.824123945785686e-06 -193.20700073242188
153.93585205078125 2.912061972892843e-06 -231.77842712402344
231.07876586914062 5.824123945785686e-06 -193.20700073242188
231.07876586914062 2.912061972892843e-06 -231.77842712402344
269.65020751953125 1.3151246776033076e-06 -252.9304962158203
269.65020751953125 2.6302493552066153e-06 -235.51113891601562
269.65020751953125 3.945373919123085e-06 -218.091796875
269.65020751953125 5.260498710413231e-06 -200.67242431640625
269.65020751953125 6.575623501703376e-06 -183.25308227539062
269.65020751953125 7.89074783824617e-06 -165.83372497558594
269.65020751953125 9.205873539031018e-06 -148.41436767578125
269.65020751953125 1.0520997420826461e-05 -130.99501037597656
269.65020751953125 1.1836122212116607e-05 -113.57565307617188
269.65020751953125 1.3151247003406752e-05 -96.15631103515625
269.65020751953125 1.4466371794696897e-05 -78.73695373535156
269.65020751953125 1.578149567649234e-05 -61.317596435546875
269.65020751953125 1.7096621377277188e-05 -43.89823913574219
269.65020751953125 1.8411747078062035e-05 -26.4788818359375
269.65020751953125 1.972687095985748e-05 -9.05950927734375
269.65020751953125 2.1041994841652922e-05 8.359832763671875
269.65020751953125 2.235712054243777e-05 25.7791748046875
269.65020751953125 2.3672244424233213e-05 43.19854736328125
269.65020751953125 2.498737012501806e-05 60.617889404296875
269.65020751953125 2.6302494006813504e-05 78.0372314453125
269.65020751953125 2.761761970759835e-05 95.45660400390625
269.65020751953125 2.8932743589393795e-05 112.87594604492188
269.65020751953125 3.024786929017864e-05 130.29531860351562
269.65020751953125 3.156299135298468e-05 147.71466064453125
269.65020751953125 3.2878120691748336e-05 165.134033203125
269.65020751953125 3.4193242754554376e-05 182.55337524414062
269.65020751953125 3.5508364817360416e-05 199.97271728515625
269.65020751953125 3.682349415612407e-05 217.39208984375
269.65020751953125 3.813861621893011e-05 234.81143188476562
269.65020751953125 3.945374191971496e-05 252.2308349609375
231.07876586914062 1.1648247891571373e-05 -116.06413269042969
192.50735473632812 8.736185009183828e-06 -154.63555908203125
231.07876586914062 8.736185009183828e-06 -154.63555908203125
231.07876586914062 1.7472370018367656e-05 -38.92127990722656
192.50735473632812 1.4560308954969514e-05 -77.49270629882812
231.07876586914062 1.4560308954969514e-05 -77.49270629882812
231.07876586914062 2.3296495783142745e-05 38.221588134765625
192.50735473632812 2.0384433810249902e-05 -0.349853515625
231.07876586914062 2.0384433810249902e-05 -0.349853515625
231.07876586914062 2.912061790993903e-05 115.36444091796875
192.50735473632812 2.6208555937046185e-05 76.79299926757812
231.07876586914062 2.6208555937046185e-05 76.79299926757812
231.07876586914062 3.494474003673531e-05 192.50729370117188
192.50735473632812 3.203267988283187e-05 153.93585205078125
231.07876586914062 3.2032676244853064e-05 153.935791015625
192.50735473632812 3.785680382861756e-05 231.07870483398438
231.07876586914062 3.785680382861756e-05 231.07870483398438
252.23089599609375 4.0768867620499805e-05 269.650146484375
234.81149291992188 4.0768867620499805e-05 269.650146484375
217.39215087890625 4.0768867620499805e-05 269.650146484375
199.9727783203125 4.0768867620499805e-05 269.650146484375
182.55343627929688 4.0768867620499805e-05 269.650146484375
165.13409423828125 4.0768867620499805e-05 269.650146484375
147.7147216796875 4.0768867620499805e-05 269.650146484375
130.29537963867188 4.0768867620499805e-05 269.650146484375
112.87600708007812 4.0768867620499805e-05 269.650146484375
95.4566650390625 4.0768867620499805e-05 269.650146484375
78.03729248046875 4.0768867620499805e-05 269.650146484375
60.617950439453125 4.0768867620499805e-05 269.650146484375
43.1986083984375 4.0768867620499805e-05 269.650146484375
25.77923583984375 4.0768867620499805e-05 269.650146484375
8.359893798828125 4.0768867620499805e-05 269.650146484375
-9.0594482421875 4.0768867620499805e-05 269.650146484375
-26.47882080078125 4.0768867620499805e-05 269.650146484375
-43.89817810058594 4.0768867620499805e-05 269.650146484375
-61.317535400390625 4.0768867620499805e-05 269.650146484375
-78.73689270019531 4.0768867620499805e-05 269.650146484375
-96.15625 4.0768867620499805e-05 269.650146484375
-113.57559204101562 4.0768867620499805e-05 269.650146484375
-130.9949493408203 4.0768867620499805e-05 269.650146484375
-148.414306640625 4.0768867620499805e-05 269.650146484375
-165.8336639404297 4.0768867620499805e-05 269.650146484375
-183.25302124023438 4.0768867620499805e-05 269.650146484375
-200.67236328125 4.0768867620499805e-05 269.650146484375
-218.09173583984375 4.0768867620499805e-05 269.650146484375
-235.51107788085938 4.0768867620499805e-05 269.650146484375
-252.93043518066406 4.0768867620499805e-05 269.650146484375
115.364501953125 3.785680382861756e-05 231.07870483398438
153.93585205078125 3.494474003673531e-05 192.50729370117188
153.93585205078125 3.785680382861756e-05 231.07870483398438
38.221649169921875 3.785680382861756e-05 231.07870483398438
76.79306030273438 3.494474003673531e-05 192.50729370117188
76.79302978515625 3.785680382861756e-05 231.07870483398438
-38.92121887207031 3.785680382861756e-05 231.07870483398438
-0.34979248046875 3.494474003673531e-05 192.50729370117188
-0.34979248046875 3.785680382861756e-05 231.07870483398438
-116.06407165527344 3.785680382861756e-05 231.07870483398438
-77.49264526367188 3.494474003673531e-05 192.50729370117188
-77.49264526367188 3.785680382861756e-05 231.07870483398438
-193.20693969726562 3.785680382861756e-05 231.07870483398438
-154.635498046875 3.494474003673531e-05 192.50729370117188
-154.635498046875 3.785680382861756e-05 231.07870483398438
-231.7783660888672 3.494474003673531e-05 192.50729370117188
-231.7783660888672 3.785680382861756e-05 231.07870483398438
-270.34979248046875 3.945374191971496e-05 252.2308349609375
-270.34979248046875 3.813861621893011e-05 234.81143188476562
-270.34979248046875 3.682349415612407e-05 217.39208984375
-270.34979248046875 3.5508364817360416e-05 199.97271728515625
-270.34979248046875 3.4193242754554376e-05 182.55337524414062
-270.34979248046875 3.2878120691748336e-05 165.134033203125
-270.34979248046875 3.156299135298468e-05 147.71466064453125
-270.34979248046875 3.024786929017864e-05 130.29531860351562
-270.34979248046875 2.8932743589393795e-05 112.87594604492188
-270.34979248046875 2.761761970759835e-05 95.45660400390625
-270.34979248046875 2.6302494006813504e-05 78.0372314453125
-270.34979248046875 2.498737012501806e-05 60.617889404296875
-270.34979248046875 2.3672244424233213e-05 43.19854736328125
-270.34979248046875 2.235712054243777e-05 25.7791748046875
-270.34979248046875 2.1041994841652922e-05 8.359832763671875
-270.34979248046875 1.972687095985748e-05 -9.05950927734375
-270.34979248046875 1.8411747078062035e-05 -26.4788818359375
-270.34979248046875 1.7096621377277188e-05 -43.89823913574219
-270.34979248046875 1.578149567649234e-05 -61.317596435546875
-270.34979248046875 1.4466371794696897e-05 -78.73695373535156
-270.34979248046875 1.3151247003406752e-05 -96.15631103515625
-270.34979248046875 1.1836122212116607e-05 -113.57565307617188
-270.34979248046875 1.0520997420826461e-05 -130.99501037597656
-270.34979248046875 9.205873539031018e-06 -148.41436767578125
-270.34979248046875 7.89074783824617e-06 -165.83372497558594
-270.34979248046875 6.575623501703376e-06 -183.25308227539062
-270.34979248046875 5.260498710413231e-06 -200.67242431640625
-270.34979248046875 3.945373919123085e-06 -218.091796875
-270.34979248046875 2.6302493552066153e-06 -235.51113891601562
-270.34979248046875 1.3151246776033076e-06 -252.9304962158203
-193.20693969726562 3.2032676244853064e-05 153.935791015625
-231.7783660888672 2.912061790993903e-05 115.36444091796875
-231.7783660888672 3.203267988283187e-05 153.93585205078125
-193.20693969726562 2.6208555937046185e-05 76.79299926757812
-231.7783660888672 2.3296495783142745e-05 38.221588134765625
-231.7783660888672 2.6208555937046185e-05 76.79299926757812
-193.20693969726562 2.0384433810249902e-05 -0.349853515625
-231.7783660888672 1.7472370018367656e-05 -38.92127990722656
-231.7783660888672 2.0384433810249902e-05 -0.349853515625
-193.20693969726562 1.4560308954969514e-05 -77.49270629882812
-231.7783660888672 1.1648247891571373e-05 -116.06413269042969
-231.7783660888672 1.4560308954969514e-05 -77.49270629882812
-193.20693969726562 8.736185009183828e-06 -154.63555908203125
-231.7783660888672 8.736185009183828e-06 -154.63555908203125
149.65020751953125 9.059747753781267e-06 -150.349853515625
132.98358154296875 9.059747753781267e-06 -150.349853515625
116.31692504882812 9.059747753781267e-06 -150.349853515625
99.65029907226562 9.059747753781267e-06 -150.349853515625
82.98367309570312 9.059747753781267e-06 -150.349853515625
66.31704711914062 9.059747753781267e-06 -150.349853515625
49.650421142578125 9.059747753781267e-06 -150.349853515625
32.9837646484375 9.059747753781267e-06 -150.349853515625
16.317138671875 9.059747753781267e-06 -150.349853515625
-0.3494873046875 9.059747753781267e-06 -150.349853515625
-17.016143798828125 9.059747753781267e-06 -150.349853515625
-33.682769775390625 9.059747753781267e-06 -150.349853515625
-50.349395751953125 9.059747753781267e-06 -150.349853515625
-67.01605224609375 9.059747753781267e-06 -150.349853515625
-83.68267822265625 9.059747753781267e-06 -150.349853515625
-100.34931945800781 9.059747753781267e-06 -150.349853515625
-117.01594543457031 9.059747753781267e-06 -150.349853515625
-133.68258666992188 9.059747753781267e-06 -150.349853515625
-150.34921264648438 9.059747753781267e-06 -150.349853515625
149.65020751953125 3.170907439198345e-05 149.64956665039062
149.65020751953125 3.0450779377133586e-05 132.98294067382812
149.65020751953125 2.919248436228372e-05 116.31631469726562
149.65020751953125 2.7934189347433858e-05 99.64968872070312
149.65020751953125 2.6675890694605187e-05 82.9830322265625
149.65020751953125 2.5417595679755323e-05 66.31640625
149.65020751953125 2.4159298845916055e-05 49.649749755859375
149.65020751953125 2.290100383106619e-05 32.983123779296875
149.65020751953125 2.1642708816216327e-05 16.316497802734375
149.65020751953125 2.038441198237706e-05 -0.350128173828125
149.65020751953125 1.9126115148537792e-05 -17.016769409179688
149.65020751953125 1.786782013368793e-05 -33.68339538574219
149.65020751953125 1.660952329984866e-05 -50.35005187988281
149.65020751953125 1.5351228284998797e-05 -67.01667785644531
149.65020751953125 1.4092932360654231e-05 -83.68330383300781
149.65020751953125 1.2834635526814964e-05 -100.34994506835938
149.65020751953125 1.1576339602470398e-05 -117.01658630371094
149.65020751953125 1.0318044587620534e-05 -133.68321228027344
-150.34921264648438 3.170907439198345e-05 149.64956665039062
-133.68258666992188 3.170907439198345e-05 149.64956665039062
-117.01594543457031 3.170907439198345e-05 149.64956665039062
-100.34931945800781 3.170907439198345e-05 149.64956665039062
-83.68267822265625 3.170907439198345e-05 149.64956665039062
-67.01605224609375 3.170907439198345e-05 149.64956665039062
-50.349395751953125 3.170907439198345e-05 149.64956665039062
-33.682769775390625 3.170907439198345e-05 149.64956665039062
-17.016143798828125 3.170907439198345e-05 149.64956665039062
-0.3494873046875 3.170907439198345e-05 149.64956665039062
16.317138671875 3.170907439198345e-05 149.64956665039062
32.9837646484375 3.170907439198345e-05 149.64956665039062
49.650421142578125 3.170907439198345e-05 149.64956665039062
66.31704711914062 3.170907439198345e-05 149.64956665039062
82.98367309570312 3.170907439198345e-05 149.64956665039062
99.65029907226562 3.170907439198345e-05 149.64956665039062
116.31692504882812 3.170907439198345e-05 149.64956665039062
132.98358154296875 3.170907439198345e-05 149.64956665039062
-150.34921264648438 1.0318044587620534e-05 -133.68321228027344
-150.34921264648438 1.1576339602470398e-05 -117.01658630371094
-150.34921264648438 1.2834635526814964e-05 -100.34994506835938
-150.34921264648438 1.4092932360654231e-05 -83.68330383300781
-150.34921264648438 1.5351228284998797e-05 -67.01667785644531
-150.34921264648438 1.660952329984866e-05 -50.35005187988281
-150.34921264648438 1.786782013368793e-05 -33.68339538574219
-150.34921264648438 1.9126115148537792e-05 -17.016769409179688
-150.34921264648438 2.038441198237706e-05 -0.350128173828125
-150.34921264648438 2.1642708816216327e-05 16.316497802734375
-150.34921264648438 2.290100383106619e-05 32.983123779296875
-150.34921264648438 2.4159298845916055e-05 49.649749755859375
-150.34921264648438 2.5417595679755323e-05 66.31640625
-150.34921264648438 2.6675890694605187e-05 82.9830322265625
-150.34921264648438 2.7934189347433858e-05 99.64968872070312
-150.34921264648438 2.919248436228372e-05 116.31631469726562
-150.34921264648438 3.0450779377133586e-05 132.98294067382812
269.65020751953125 0.0 -270.349853515625
269.650146484375 4.0768867620499805e-05 269.650146484375
269.65020751953125 60.0 -270.349853515625
269.650146484375 60.00004196166992 269.650146484375
269.65020751953125 3.945374191971496e-05 252.2308349609375
269.65020751953125 3.813861621893011e-05 234.81143188476562
269.65020751953125 3.682349415612407e-05 217.39208984375
269.65020751953125 3.5508364817360416e-05 199.97271728515625
269.650146484375 3.4193242754554376e-05 182.55337524414062
269.65020751953125 3.2878120691748336e-05 165.134033203125
269.65020751953125 3.156299135298468e-05 147.71466064453125
269.65020751953125 3.024786929017864e-05 130.29531860351562
269.65020751953125 2.8932743589393795e-05 112.87594604492188
269.65020751953125 2.761761970759835e-05 95.45660400390625
269.65020751953125 2.6302494006813504e-05 78.0372314453125
269.65020751953125 2.498737012501806e-05 60.617889404296875
269.65020751953125 2.3672244424233213e-05 43.19854736328125
269.65020751953125 2.235712054243777e-05 25.7791748046875
269.65020751953125 2.1041994841652922e-05 8.359832763671875
269.65020751953125 1.972687095985748e-05 -9.05950927734375
269.65020751953125 1.8411747078062035e-05 -26.4788818359375
269.65020751953125 1.7096621377277188e-05 -43.89823913574219
269.65020751953125 1.578149567649234e-05 -61.317596435546875
269.65020751953125 1.4466371794696897e-05 -78.73695373535156
269.65020751953125 1.3151247003406752e-05 -96.15631103515625
269.65020751953125 1.1836122212116607e-05 -113.57565307617188
269.65020751953125 1.0520997420826461e-05 -130.99501037597656
269.65020751953125 9.205873539031018e-06 -148.41436767578125
269.65020751953125 7.89074783824617e-06 -165.83372497558594
269.65020751953125 6.575623501703376e-06 -183.25308227539062
269.65020751953125 5.260498710413231e-06 -200.67242431640625
269.65020751953125 3.945373919123085e-06 -218.091796875
269.65020751953125 2.6302493552066153e-06 -235.51113891601562
269.65020751953125 1.3151246776033076e-06 -252.9304962158203
269.65020751953125 60.0 -252.9304962158203
269.65020751953125 60.000003814697266 -235.5111541748047
269.65020751953125 60.000003814697266 -218.091796875
269.65020751953125 60.000003814697266 -200.6724395751953
269.65020751953125 60.00000762939453 -183.25308227539062
269.65020751953125 60.00000762939453 -165.83372497558594
269.65020751953125 60.00000762939453 -148.41436767578125
269.65020751953125 60.0000114440918 -130.99501037597656
269.65020751953125 60.0000114440918 -113.5756607055664
269.65020751953125 60.0000114440918 -96.15631866455078
269.65020751953125 60.00001525878906 -78.7369613647461
269.65020751953125 60.00001525878906 -61.31760025024414
269.65020751953125 60.00001525878906 -43.89824295043945
269.65020751953125 60.00001907348633 -26.478885650634766
269.65020751953125 60.00001907348633 -9.059514045715332
269.65020751953125 60.000022888183594 8.359827995300293
269.65020751953125 60.000022888183594 25.779170989990234
269.65020751953125 60.000022888183594 43.198543548583984
269.65020751953125 60.00002670288086 60.61788558959961
269.65020751953125 60.00002670288086 78.03722381591797
269.65020751953125 60.00002670288086 95.45659637451172
269.65020751953125 60.000030517578125 112.87593841552734
269.65020751953125 60.000030517578125 130.29531860351562
269.65020751953125 60.000030517578125 147.71466064453125
269.65020751953125 60.00003433227539 165.134033203125
269.650146484375 60.00003433227539 182.55337524414062
269.65020751953125 60.00003433227539 199.97271728515625
269.65020751953125 60.000038146972656 217.39208984375
269.65020751953125 60.000038146972656 234.81143188476562
269.65020751953125 60.000038146972656 252.2308349609375
269.65020751953125 60.0 -270.349853515625
269.65020751953125 60.00004196166992 269.650146484375
192.50735473632812 60.00000762939453 -193.20700073242188
192.50735473632812 60.0000114440918 -116.06414031982422
192.50735473632812 60.00001907348633 -38.92128372192383
192.50735473632812 60.000022888183594 38.22158432006836
192.50735473632812 60.000030517578125 115.36443328857422
192.50735473632812 60.00003433227539 192.50729370117188
115.364501953125 60.00000762939453 -193.20700073242188
115.364501953125 60.00003433227539 192.50729370117188
38.221649169921875 60.00000762939453 -193.20700073242188
38.221649169921875 60.00003433227539 192.50729370117188
-38.92121887207031 60.00000762939453 -193.20700073242188
-38.92121887207031 60.00003433227539 192.50729370117188
-116.06407165527344 60.00000762939453 -193.20700073242188
-116.06407165527344 60.00003433227539 192.50729370117188
-193.20693969726562 60.00000762939453 -193.20700073242188
-193.20693969726562 60.0000114440918 -116.06414031982422
-193.20693969726562 60.00001907348633 -38.92128372192383
-193.20693969726562 60.000022888183594 38.22158432006836
-193.20693969726562 60.000030517578125 115.36443328857422
-193.20693969726562 60.00003433227539 192.50729370117188
-270.34979248046875 60.0 -270.349853515625
-270.34979248046875 60.00004196166992 269.650146484375
269.65020751953125 60.000038146972656 252.2308349609375
269.65020751953125 60.000038146972656 234.81143188476562
269.65020751953125 60.000038146972656 217.39208984375
269.65020751953125 60.00003433227539 199.97271728515625
269.65020751953125 60.00003433227539 182.55337524414062
269.65020751953125 60.00003433227539 165.134033203125
269.65020751953125 60.000030517578125 147.71466064453125
269.65020751953125 60.000030517578125 130.29531860351562
269.65020751953125 60.000030517578125 112.87593841552734
269.65020751953125 60.00002670288086 95.45659637451172
269.65020751953125 60.00002670288086 78.03722381591797
269.65020751953125 60.00002670288086 60.61788558959961
269.65020751953125 60.000022888183594 43.198543548583984
269.65020751953125 60.000022888183594 25.779170989990234
269.65020751953125 60.000022888183594 8.359827995300293
269.65020751953125 60.00001907348633 -9.059514045715332
269.65020751953125 60.00001907348633 -26.478885650634766
269.65020751953125 60.00001525878906 -43.89824295043945
269.65020751953125 60.00001525878906 -61.31760025024414
269.65020751953125 60.00001525878906 -78.7369613647461
269.65020751953125 60.0000114440918 -96.15631866455078
269.65020751953125 60.0000114440918 -113.5756607055664
269.65020751953125 60.0000114440918 -130.99501037597656
269.65020751953125 60.00000762939453 -148.41436767578125
269.65020751953125 60.00000762939453 -165.83372497558594
269.65020751953125 60.00000762939453 -183.25308227539062
269.65020751953125 60.000003814697266 -200.6724395751953
269.65020751953125 60.000003814697266 -218.091796875
269.65020751953125 60.000003814697266 -235.5111541748047
269.65020751953125 60.0 -252.9304962158203
192.50735473632812 60.000038146972656 231.07870483398438
231.07876586914062 60.00003433227539 192.50729370117188
231.07876586914062 60.000038146972656 231.07870483398438
192.50735473632812 60.000030517578125 153.935791015625
231.07876586914062 60.000030517578125 115.36443328857422
231.07876586914062 60.000030517578125 153.93585205078125
192.50735473632812 60.00002670288086 76.7929916381836
231.07876586914062 60.000022888183594 38.22158432006836
231.07876586914062 60.00002670288086 76.7929916381836
192.50735473632812 60.00001907348633 -0.34985804557800293
231.07876586914062 60.00001907348633 -38.92128372192383
231.07876586914062 60.00001907348633 -0.34985804557800293
192.50735473632812 60.00001525878906 -77.49271392822266
231.07876586914062 60.0000114440918 -116.06414031982422
231.07876586914062 60.00001525878906 -77.49271392822266
192.50735473632812 60.00000762939453 -154.6355743408203
231.07876586914062 60.00000762939453 -193.20700073242188
231.07876586914062 60.00000762939453 -154.6355743408203
192.50735473632812 60.000003814697266 -231.77842712402344
231.07876586914062 60.000003814697266 -231.77842712402344
252.23089599609375 60.0 -270.349853515625
234.81149291992188 60.0 -270.349853515625
217.39215087890625 60.0 -270.349853515625
199.9727783203125 60.0 -270.349853515625
182.55343627929688 60.0 -270.349853515625
165.13409423828125 60.0 -270.349853515625
147.7147216796875 60.0 -270.349853515625
130.29537963867188 60.0 -270.349853515625
112.87600708007812 60.0 -270.349853515625
95.4566650390625 60.0 -270.349853515625
78.03729248046875 60.0 -270.349853515625
60.617950439453125 60.0 -270.349853515625
43.1986083984375 60.0 -270.349853515625
25.77923583984375 60.0 -270.349853515625
8.359893798828125 60.0 -270.349853515625
-9.0594482421875 60.0 -270.349853515625
-26.47882080078125 60.0 -270.349853515625
-43.89817810058594 60.0 -270.349853515625
-61.317535400390625 60.0 -270.349853515625
-78.73689270019531 60.0 -270.349853515625
-96.15625 60.0 -270.349853515625
-113.57559204101562 60.0 -270.349853515625
-130.9949493408203 60.0 -270.349853515625
-148.414306640625 60.0 -270.349853515625
-165.8336639404297 60.0 -270.349853515625
-183.25302124023438 60.0 -270.349853515625
-200.67236328125 60.0 -270.349853515625
-218.09173583984375 60.0 -270.349853515625
-235.51107788085938 60.0 -270.349853515625
-252.93043518066406 60.0 -270.349853515625
115.364501953125 60.000003814697266 -231.77842712402344
153.93585205078125 60.00000762939453 -193.20700073242188
153.93585205078125 59.999996185302734 -231.77842712402344
38.221649169921875 60.000003814697266 -231.77842712402344
76.79306030273438 60.00000762939453 -193.20700073242188
76.79306030273438 60.000003814697266 -231.77842712402344
-38.92121887207031 60.000003814697266 -231.77842712402344
-0.34979248046875 60.00000762939453 -193.20700073242188
-0.34979248046875 60.000003814697266 -231.77842712402344
-116.06407165527344 60.000003814697266 -231.77842712402344
-77.49264526367188 60.00000762939453 -193.20700073242188
-77.49264526367188 60.000003814697266 -231.77842712402344
-193.20693969726562 60.000003814697266 -231.77842712402344
-154.635498046875 60.00000762939453 -193.20700073242188
-154.635498046875 60.000003814697266 -231.77842712402344
-231.7783660888672 60.00000762939453 -193.20700073242188
-231.7783660888672 60.000003814697266 -231.77842712402344
-270.34979248046875 60.0 -252.9304962158203
-270.34979248046875 60.000003814697266 -235.5111541748047
-270.34979248046875 60.000003814697266 -218.091796875
-270.34979248046875 60.000003814697266 -200.6724395751953
-270.34979248046875 60.00000762939453 -183.25308227539062
-270.34979248046875 60.00000762939453 -165.83372497558594
-270.34979248046875 60.00000762939453 -148.41436767578125
-270.34979248046875 60.0000114440918 -130.99501037597656
-270.34979248046875 60.0000114440918 -113.5756607055664
-270.34979248046875 60.0000114440918 -96.15631866455078
-270.34979248046875 60.00001525878906 -78.7369613647461
-270.34979248046875 60.00001525878906 -61.31760025024414
-270.34979248046875 60.00001525878906 -43.89824295043945
-270.34979248046875 60.00001907348633 -26.478885650634766
-270.34979248046875 60.00001907348633 -9.059514045715332
-270.34979248046875 60.000022888183594 8.359827995300293
-270.34979248046875 60.000022888183594 25.779170989990234
-270.34979248046875 60.000022888183594 43.198543548583984
-270.34979248046875 60.00002670288086 60.61788558959961
-270.34979248046875 60.00002670288086 78.03722381591797
-270.34979248046875 60.00002670288086 95.45659637451172
-270.34979248046875 60.000030517578125 112.87593841552734
-270.34979248046875 60.000030517578125 130.29531860351562
-270.34979248046875 60.000030517578125 147.71466064453125
-270.34979248046875 60.00003433227539 165.134033203125
-270.34979248046875 60.00003433227539 182.55337524414062
-270.34979248046875 60.00003433227539 199.97271728515625
-270.34979248046875 60.000038146972656 217.39208984375
-270.34979248046875 60.000038146972656 234.81143188476562
-270.34979248046875 60.000038146972656 252.2308349609375
-231.7783660888672 60.0000114440918 -116.06414031982422
-193.20693969726562 60.00000762939453 -154.6355743408203
-231.7783660888672 60.00000762939453 -154.6355743408203
-231.7783660888672 60.00001907348633 -38.92128372192383
-193.20693969726562 60.00001525878906 -77.49271392822266
-231.7783660888672 60.00001525878906 -77.49271392822266
-231.7783660888672 60.000022888183594 38.22158432006836
-193.20693969726562 60.00001907348633 -0.34985804557800293
-231.7783660888672 60.00001907348633 -0.34985804557800293
-231.7783660888672 60.000030517578125 115.36443328857422
-193.20693969726562 60.00002670288086 76.7929916381836
-231.7783660888672 60.00002670288086 76.7929916381836
-231.7783660888672 60.00003433227539 192.50729370117188
-193.20693969726562 60.000030517578125 153.93585205078125
-231.7783660888672 60.000022888183594 153.935791015625
-193.20693969726562 60.000038146972656 231.07870483398438
-231.7783660888672 60.000038146972656 231.07870483398438
-252.93043518066406 60.00004196166992 269.650146484375
-235.51107788085938 60.00004196166992 269.650146484375
-218.09173583984375 60.00004196166992 269.650146484375
-200.67236328125 60.00004196166992 269.650146484375
-183.25302124023438 60.00004196166992 269.650146484375
-165.8336639404297 60.00004196166992 269.650146484375
-148.414306640625 60.00004196166992 269.650146484375
-130.9949493408203 60.00004196166992 269.650146484375
-113.57559204101562 60.00004196166992 269.650146484375
-96.15625 60.00004196166992 269.650146484375
-78.73689270019531 60.00004196166992 269.650146484375
-61.317535400390625 60.00004196166992 269.650146484375
-43.89817810058594 60.00004196166992 269.650146484375
-26.47882080078125 60.00004196166992 269.650146484375
-9.0594482421875 60.00004196166992 269.650146484375
8.359893798828125 60.00004196166992 269.650146484375
25.77923583984375 60.00004196166992 269.650146484375
43.1986083984375 60.00004196166992 269.650146484375
60.617950439453125 60.00004196166992 269.650146484375
78.03729248046875 60.00004196166992 269.650146484375
95.4566650390625 60.00004196166992 269.650146484375
112.87600708007812 60.00004196166992 269.650146484375
130.29537963867188 60.00004196166992 269.650146484375
147.7147216796875 60.00004196166992 269.650146484375
165.13409423828125 60.00004196166992 269.650146484375
182.55343627929688 60.00004196166992 269.650146484375
199.9727783203125 60.00004196166992 269.650146484375
217.39215087890625 60.00004196166992 269.650146484375
234.81149291992188 60.00004196166992 269.650146484375
252.23089599609375 60.00004196166992 269.650146484375
-116.06407165527344 60.000038146972656 231.07870483398438
-154.635498046875 60.00003433227539 192.50729370117188
-154.635498046875 60.000038146972656 231.07870483398438
-38.92121887207031 60.000038146972656 231.07870483398438
-77.49264526367188 60.00003433227539 192.50729370117188
-77.49264526367188 60.000038146972656 231.07870483398438
38.221649169921875 60.000038146972656 231.07870483398438
-0.34979248046875 60.00003433227539 192.50729370117188
-0.34979248046875 60.000038146972656 231.07870483398438
115.364501953125 60.000038146972656 231.07870483398438
76.79306030273438 60.00003433227539 192.50729370117188
76.79302978515625 60.000038146972656 231.07870483398438
153.9359130859375 60.00003433227539 192.50729370117188
153.93585205078125 60.000030517578125 231.07870483398438
-150.34921264648438 60.00000762939453 -150.349853515625
-133.68258666992188 60.00000762939453 -150.349853515625
-117.01594543457031 60.00000762939453 -150.349853515625
-100.34931945800781 60.00000762939453 -150.349853515625
-83.68267822265625 60.00000762939453 -150.349853515625
-67.01605224609375 60.00000762939453 -150.349853515625
-50.349395751953125 60.00000762939453 -150.349853515625
-33.682769775390625 60.00000762939453 -150.349853515625
-17.016143798828125 60.00000762939453 -150.349853515625
-0.3494873046875 60.00000762939453 -150.349853515625
16.317138671875 60.00000762939453 -150.349853515625
32.9837646484375 60.00000762939453 -150.349853515625
49.650421142578125 60.00000762939453 -150.349853515625
66.31704711914062 60.00000762939453 -150.349853515625
82.98367309570312 60.00000762939453 -150.349853515625
99.65029907226562 60.00000762939453 -150.349853515625
116.31692504882812 60.00000762939453 -150.349853515625
132.98358154296875 60.00000762939453 -150.349853515625
149.65020751953125 60.00000762939453 -150.349853515625
149.65020751953125 60.0000114440918 -133.68321228027344
149.65020751953125 60.0000114440918 -117.01659393310547
149.65020751953125 60.0000114440918 -100.3499526977539
149.65020751953125 60.00001525878906 -83.68331146240234
149.65020751953125 60.00001525878906 -67.01668548583984
149.65020751953125 60.00001525878906 -50.35005569458008
149.65020751953125 60.00001907348633 -33.68339920043945
149.65020751953125 60.00001907348633 -17.016773223876953
149.65020751953125 60.00001907348633 -0.35013270378112793
149.65020751953125 60.000022888183594 16.31649398803711
149.65020751953125 60.000022888183594 32.98311996459961
149.65020751953125 60.000022888183594 49.64974594116211
149.65020751953125 60.00002670288086 66.31639862060547
149.65020751953125 60.00002670288086 82.98302459716797
149.65020751953125 60.00002670288086 99.6496810913086
149.65020751953125 60.000030517578125 116.3163070678711
149.65020751953125 60.000030517578125 132.98294067382812
149.65020751953125 60.000030517578125 149.64956665039062
132.98358154296875 60.000030517578125 149.64956665039062
116.31692504882812 60.000030517578125 149.64956665039062
99.65029907226562 60.000030517578125 149.64956665039062
82.98367309570312 60.000030517578125 149.64956665039062
66.31704711914062 60.000030517578125 149.64956665039062
49.650421142578125 60.000030517578125 149.64956665039062
32.9837646484375 60.000030517578125 149.64956665039062
16.317138671875 60.000030517578125 149.64956665039062
-0.3494873046875 60.000030517578125 149.64956665039062
-17.016143798828125 60.000030517578125 149.64956665039062
-33.682769775390625 60.000030517578125 149.64956665039062
-50.349395751953125 60.000030517578125 149.64956665039062
-67.01605224609375 60.000030517578125 149.64956665039062
-83.68267822265625 60.000030517578125 149.64956665039062
-100.34931945800781 60.000030517578125 149.64956665039062
-117.01594543457031 60.000030517578125 149.64956665039062
-133.68258666992188 60.000030517578125 149.64956665039062
-150.34921264648438 60.000030517578125 149.64956665039062
-150.34921264648438 60.000030517578125 132.98294067382812
-150.34921264648438 60.000030517578125 116.3163070678711
-150.34921264648438 60.00002670288086 99.6496810913086
-150.34921264648438 60.00002670288086 82.98302459716797
-150.34921264648438 60.00002670288086 66.31639862060547
-150.34921264648438 60.000022888183594 49.64974594116211
-150.34921264648438 60.000022888183594 32.98311996459961
-150.34921264648438 60.000022888183594 16.31649398803711
-150.34921264648438 60.00001907348633 -0.35013270378112793
-150.34921264648438 60.00001907348633 -17.016773223876953
-150.34921264648438 60.00001907348633 -33.68339920043945
-150.34921264648438 60.00001525878906 -50.35005569458008
-150.34921264648438 60.00001525878906 -67.01668548583984
-150.34921264648438 60.00001525878906 -83.68331146240234
-150.34921264648438 60.0000114440918 -100.3499526977539
-150.34921264648438 60.0000114440918 -117.01659393310547
-150.34921264648438 60.0000114440918 -133.68321228027344
-270.34979248046875 60.0 -270.349853515625
-270.34979248046875 60.00004196166992 269.650146484375
-270.34979248046875 0.0 -270.349853515625
-270.34979248046875 4.0768867620499805e-05 269.650146484375
-270.34979248046875 1.3151246776033076e-06 -252.9304962158203
-270.34979248046875 2.6302493552066153e-06 -235.51113891601562
-270.34979248046875 3.945373919123085e-06 -218.091796875
-270.34979248046875 5.260498710413231e-06 -200.67242431640625
-270.34979248046875 6.575623501703376e-06 -183.25308227539062
-270.34979248046875 7.89074783824617e-06 -165.83372497558594
-270.34979248046875 9.205873539031018e-06 -148.41436767578125
-270.34979248046875 1.0520997420826461e-05 -130.99501037597656
-270.34979248046875 1.1836122212116607e-05 -113.57565307617188
-270.34979248046875 1.3151247003406752e-05 -96.15631103515625
-270.34979248046875 1.4466371794696897e-05 -78.73695373535156
-270.34979248046875 1.578149567649234e-05 -61.317596435546875
-270.34979248046875 1.7096621377277188e-05 -43.89823913574219
-270.34979248046875 1.8411747078062035e-05 -26.4788818359375
-270.34979248046875 1.972687095985748e-05 -9.05950927734375
-270.34979248046875 2.1041994841652922e-05 8.359832763671875
-270.34979248046875 2.235712054243777e-05 25.7791748046875
-270.34979248046875 2.3672244424233213e-05 43.19854736328125
-270.34979248046875 2.498737012501806e-05 60.617889404296875
-270.34979248046875 2.6302494006813504e-05 78.0372314453125
-270.34979248046875 2.761761970759835e-05 95.45660400390625
-270.34979248046875 2.8932743589393795e-05 112.87594604492188
-270.34979248046875 3.024786929017864e-05 130.29531860351562
-270.34979248046875 3.156299135298468e-05 147.71466064453125
-270.34979248046875 3.2878120691748336e-05 165.134033203125
-270.34979248046875 3.4193242754554376e-05 182.55337524414062
-270.34979248046875 3.5508364817360416e-05 199.97271728515625
-270.34979248046875 3.682349415612407e-05 217.39208984375
-270.34979248046875 3.813861621893011e-05 234.81143188476562
-270.34979248046875 3.945374191971496e-05 252.2308349609375
-270.34979248046875 60.000038146972656 252.2308349609375
-270.34979248046875 60.000038146972656 234.81143188476562
-270.34979248046875 60.000038146972656 217.39208984375
-270.34979248046875 60.00003433227539 199.97271728515625
-270.34979248046875 60.00003433227539 182.55337524414062
-270.34979248046875 60.00003433227539 165.134033203125
-270.34979248046875 60.000030517578125 147.71466064453125
-270.34979248046875 60.000030517578125 130.29531860351562
-270.34979248046875 60.000030517578125 112.87593841552734
-270.34979248046875 60.00002670288086 95.45659637451172
-270.34979248046875 60.00002670288086 78.03722381591797
-270.34979248046875 60.00002670288086 60.61788558959961
-270.34979248046875 60.000022888183594 43.198543548583984
-270.34979248046875 60.000022888183594 25.779170989990234
-270.34979248046875 60.000022888183594 8.359827995300293
-270.34979248046875 60.00001907348633 -9.059514045715332
-270.34979248046875 60.00001907348633 -26.478885650634766
-270.34979248046875 60.00001525878906 -43.89824295043945
-270.34979248046875 60.00001525878906 -61.31760025024414
-270.34979248046875 60.00001525878906 -78.7369613647461
-270.34979248046875 60.0000114440918 -96.15631866455078
-270.34979248046875 60.0000114440918 -113.5756607055664
-270.34979248046875 60.0000114440918 -130.99501037597656
-270.34979248046875 60.00000762939453 -148.41436767578125
-270.34979248046875 60.00000762939453 -165.83372497558594
-270.34979248046875 60.00000762939453 -183.25308227539062
-270.34979248046875 60.000003814697266 -200.6724395751953
-270.34979248046875 60.000003814697266 -218.091796875
-270.34979248046875 60.000003814697266 -235.5111541748047
-270.34979248046875 60.0 -252.9304962158203
-270.34979248046875 0.0 -270.349853515625
-270.34979248046875 60.0 -270.349853515625
269.65020751953125 0.0 -270.349853515625
269.65020751953125 60.0 -270.349853515625
-252.93043518066406 0.0 -270.349853515625
-235.51107788085938 0.0 -270.349853515625
-218.09173583984375 0.0 -270.349853515625
-200.67236328125 0.0 -270.349853515625
-183.25302124023438 0.0 -270.349853515625
-165.8336639404297 0.0 -270.349853515625
-148.414306640625 0.0 -270.349853515625
-130.9949493408203 0.0 -270.349853515625
-113.57559204101562 0.0 -270.349853515625
-96.15625 0.0 -270.349853515625
-78.73689270019531 0.0 -270.349853515625
-61.317535400390625 0.0 -270.349853515625
-43.89817810058594 0.0 -270.349853515625
-26.47882080078125 0.0 -270.349853515625
-9.0594482421875 0.0 -270.349853515625
8.359893798828125 0.0 -270.349853515625
25.77923583984375 0.0 -270.349853515625
43.1986083984375 0.0 -270.349853515625
60.617950439453125 0.0 -270.349853515625
78.03729248046875 0.0 -270.349853515625
95.4566650390625 0.0 -270.349853515625
112.87600708007812 0.0 -270.349853515625
130.29537963867188 0.0 -270.349853515625
147.7147216796875 0.0 -270.349853515625
165.13409423828125 0.0 -270.349853515625
182.55343627929688 0.0 -270.349853515625
199.9727783203125 0.0 -270.349853515625
217.39215087890625 0.0 -270.349853515625
234.81149291992188 0.0 -270.349853515625
252.23089599609375 0.0 -270.349853515625
252.23089599609375 60.0 -270.349853515625
234.81149291992188 60.0 -270.349853515625
217.39215087890625 60.0 -270.349853515625
199.9727783203125 60.0 -270.349853515625
182.55343627929688 60.0 -270.349853515625
165.13409423828125 60.0 -270.349853515625
147.7147216796875 60.0 -270.349853515625
130.29537963867188 60.0 -270.349853515625
112.87600708007812 60.0 -270.349853515625
95.4566650390625 60.0 -270.349853515625
78.03729248046875 60.0 -270.349853515625
60.617950439453125 60.0 -270.349853515625
43.1986083984375 60.0 -270.349853515625
25.77923583984375 60.0 -270.349853515625
8.359893798828125 60.0 -270.349853515625
-9.0594482421875 60.0 -270.349853515625
-26.47882080078125 60.0 -270.349853515625
-43.89817810058594 60.0 -270.349853515625
-61.317535400390625 60.0 -270.349853515625
-78.73689270019531 60.0 -270.349853515625
-96.15625 60.0 -270.349853515625
-113.57559204101562 60.0 -270.349853515625
-130.9949493408203 60.0 -270.349853515625
-148.414306640625 60.0 -270.349853515625
-165.8336639404297 60.0 -270.349853515625
-183.25302124023438 60.0 -270.349853515625
-200.67236328125 60.0 -270.349853515625
-218.09173583984375 60.0 -270.349853515625
-235.51107788085938 60.0 -270.349853515625
-252.93043518066406 60.0 -270.349853515625
-270.34979248046875 4.0768867620499805e-05 269.650146484375
-270.34979248046875 60.00004196166992 269.650146484375
269.65020751953125 4.0768863982521e-05 269.65008544921875
269.65020751953125 60.00004196166992 269.65008544921875
-252.93043518066406 4.0768867620499805e-05 269.650146484375
-235.51107788085938 4.0768867620499805e-05 269.650146484375
-218.09173583984375 4.0768867620499805e-05 269.650146484375
-200.67236328125 4.0768867620499805e-05 269.650146484375
-183.25302124023438 4.0768867620499805e-05 269.650146484375
-165.8336639404297 4.0768867620499805e-05 269.650146484375
-148.414306640625 4.0768867620499805e-05 269.650146484375
-130.9949493408203 4.0768867620499805e-05 269.650146484375
-113.57559204101562 4.0768867620499805e-05 269.650146484375
-96.15625 4.0768867620499805e-05 269.650146484375
-78.73689270019531 4.0768867620499805e-05 269.650146484375
-61.317535400390625 4.0768867620499805e-05 269.650146484375
-43.89817810058594 4.0768867620499805e-05 269.650146484375
-26.47882080078125 4.0768867620499805e-05 269.650146484375
-9.0594482421875 4.0768867620499805e-05 269.650146484375
8.359893798828125 4.0768867620499805e-05 269.650146484375
25.77923583984375 4.0768867620499805e-05 269.650146484375
43.1986083984375 4.0768867620499805e-05 269.650146484375
60.617950439453125 4.0768867620499805e-05 269.650146484375
78.03729248046875 4.0768867620499805e-05 269.650146484375
95.4566650390625 4.0768867620499805e-05 269.650146484375
112.87600708007812 4.0768867620499805e-05 269.650146484375
130.29537963867188 4.0768867620499805e-05 269.650146484375
147.7147216796875 4.0768867620499805e-05 269.650146484375
165.13409423828125 4.0768867620499805e-05 269.650146484375
182.55343627929688 4.0768863982521e-05 269.65008544921875
199.9727783203125 4.0768867620499805e-05 269.650146484375
217.39215087890625 4.0768867620499805e-05 269.650146484375
234.81149291992188 4.0768867620499805e-05 269.650146484375
252.23089599609375 4.0768867620499805e-05 269.650146484375
252.23089599609375 60.00004196166992 269.650146484375
234.81149291992188 60.00004196166992 269.650146484375
217.39215087890625 60.00004196166992 269.650146484375
199.9727783203125 60.00004196166992 269.650146484375
182.55343627929688 60.00004196166992 269.65008544921875
165.13409423828125 60.00004196166992 269.650146484375
147.7147216796875 60.00004196166992 269.650146484375
130.29537963867188 60.00004196166992 269.650146484375
112.87600708007812 60.00004196166992 269.650146484375
95.4566650390625 60.00004196166992 269.650146484375
78.03729248046875 60.00004196166992 269.650146484375
60.617950439453125 60.00004196166992 269.650146484375
43.1986083984375 60.00004196166992 269.650146484375
25.77923583984375 60.00004196166992 269.650146484375
8.359893798828125 60.00004196166992 269.650146484375
-9.0594482421875 60.00004196166992 269.650146484375
-26.47882080078125 60.00004196166992 269.650146484375
-43.89817810058594 60.00004196166992 269.650146484375
-61.317535400390625 60.00004196166992 269.650146484375
-78.73689270019531 60.00004196166992 269.650146484375
-96.15625 60.00004196166992 269.650146484375
-113.57559204101562 60.00004196166992 269.650146484375
-130.9949493408203 60.00004196166992 269.650146484375
-148.414306640625 60.00004196166992 269.650146484375
-165.8336639404297 60.00004196166992 269.650146484375
-183.25302124023438 60.00004196166992 269.650146484375
-200.67236328125 60.00004196166992 269.650146484375
-218.09173583984375 60.00004196166992 269.650146484375
-235.51107788085938 60.00004196166992 269.650146484375
-252.93043518066406 60.00004196166992 269.650146484375
-150.34921264648438 60.00000762939453 -150.349853515625
-150.34921264648438 9.059747753781267e-06 -150.349853515625
149.65020751953125 60.00000762939453 -150.349853515625
149.65020751953125 9.059747753781267e-06 -150.349853515625
132.98358154296875 9.059747753781267e-06 -150.349853515625
116.31692504882812 9.059747753781267e-06 -150.349853515625
99.65029907226562 9.059747753781267e-06 -150.349853515625
82.98367309570312 9.059747753781267e-06 -150.349853515625
66.31704711914062 9.059747753781267e-06 -150.349853515625
49.650421142578125 9.059747753781267e-06 -150.349853515625
32.9837646484375 9.059747753781267e-06 -150.349853515625
16.317138671875 9.059747753781267e-06 -150.349853515625
-0.3494873046875 9.059747753781267e-06 -150.349853515625
-17.016143798828125 9.059747753781267e-06 -150.349853515625
-33.682769775390625 9.059747753781267e-06 -150.349853515625
-50.349395751953125 9.059747753781267e-06 -150.349853515625
-67.01605224609375 9.059747753781267e-06 -150.349853515625
-83.68267822265625 9.059747753781267e-06 -150.349853515625
-100.34931945800781 9.059747753781267e-06 -150.349853515625
-117.01594543457031 9.059747753781267e-06 -150.349853515625
-133.68258666992188 9.059747753781267e-06 -150.349853515625
-133.68258666992188 60.00000762939453 -150.349853515625
-117.01594543457031 60.00000762939453 -150.349853515625
-100.34931945800781 60.00000762939453 -150.349853515625
-83.68267822265625 60.00000762939453 -150.349853515625
-67.01605224609375 60.00000762939453 -150.349853515625
-50.349395751953125 60.00000762939453 -150.349853515625
-33.682769775390625 60.00000762939453 -150.349853515625
-17.016143798828125 60.00000762939453 -150.349853515625
-0.3494873046875 60.00000762939453 -150.349853515625
16.317138671875 60.00000762939453 -150.349853515625
32.9837646484375 60.00000762939453 -150.349853515625
49.650421142578125 60.00000762939453 -150.349853515625
66.31704711914062 60.00000762939453 -150.349853515625
82.98367309570312 60.00000762939453 -150.349853515625
99.65029907226562 60.00000762939453 -150.349853515625
116.31692504882812 60.00000762939453 -150.349853515625
132.98358154296875 60.00000762939453 -150.349853515625
149.65020751953125 60.00000762939453 -150.349853515625
149.65020751953125 9.059747753781267e-06 -150.349853515625
149.65020751953125 60.000030517578125 149.64956665039062
149.65020751953125 3.170907439198345e-05 149.64956665039062
149.65020751953125 3.0450779377133586e-05 132.98294067382812
149.65020751953125 2.919248436228372e-05 116.31631469726562
149.65020751953125 2.7934189347433858e-05 99.64968872070312
149.65020751953125 2.6675890694605187e-05 82.9830322265625
149.65020751953125 2.5417595679755323e-05 66.31640625
149.65020751953125 2.4159298845916055e-05 49.649749755859375
149.65020751953125 2.290100383106619e-05 32.983123779296875
149.65020751953125 2.1642708816216327e-05 16.316497802734375
149.65020751953125 2.038441198237706e-05 -0.350128173828125
149.65020751953125 1.9126115148537792e-05 -17.016769409179688
149.65020751953125 1.786782013368793e-05 -33.68339538574219
149.65020751953125 1.660952329984866e-05 -50.35005187988281
149.65020751953125 1.5351228284998797e-05 -67.01667785644531
149.65020751953125 1.4092932360654231e-05 -83.68330383300781
149.65020751953125 1.2834635526814964e-05 -100.34994506835938
149.65020751953125 1.1576339602470398e-05 -117.01658630371094
149.65020751953125 1.0318044587620534e-05 -133.68321228027344
149.65020751953125 60.0000114440918 -133.68321228027344
149.65020751953125 60.0000114440918 -117.01659393310547
149.65020751953125 60.0000114440918 -100.3499526977539
149.65020751953125 60.00001525878906 -83.68331146240234
149.65020751953125 60.00001525878906 -67.01668548583984
149.65020751953125 60.00001525878906 -50.35005569458008
149.65020751953125 60.00001907348633 -33.68339920043945
149.65020751953125 60.00001907348633 -17.016773223876953
149.65020751953125 60.00001907348633 -0.35013270378112793
149.65020751953125 60.000022888183594 16.31649398803711
149.65020751953125 60.000022888183594 32.98311996459961
149.65020751953125 60.000022888183594 49.64974594116211
149.65020751953125 60.00002670288086 66.31639862060547
149.65020751953125 60.00002670288086 82.98302459716797
149.65020751953125 60.00002670288086 99.6496810913086
149.65020751953125 60.000030517578125 116.3163070678711
149.65020751953125 60.000030517578125 132.98294067382812
149.65020751953125 60.000030517578125 149.64956665039062
149.65020751953125 3.170907439198345e-05 149.64956665039062
-150.34921264648438 60.000030517578125 149.64956665039062
-150.34921264648438 3.170907439198345e-05 149.64956665039062
-133.68258666992188 3.170907439198345e-05 149.64956665039062
-117.01594543457031 3.170907439198345e-05 149.64956665039062
-100.34931945800781 3.170907439198345e-05 149.64956665039062
-83.68267822265625 3.170907439198345e-05 149.64956665039062
-67.01605224609375 3.170907439198345e-05 149.64956665039062
-50.349395751953125 3.170907439198345e-05 149.64956665039062
-33.682769775390625 3.170907439198345e-05 149.64956665039062
-17.016143798828125 3.170907439198345e-05 149.64956665039062
-0.3494873046875 3.170907439198345e-05 149.64956665039062
16.317138671875 3.170907439198345e-05 149.64956665039062
32.9837646484375 3.170907439198345e-05 149.64956665039062
49.650421142578125 3.170907439198345e-05 149.64956665039062
66.31704711914062 3.170907439198345e-05 149.64956665039062
82.98367309570312 3.170907439198345e-05 149.64956665039062
99.65029907226562 3.170907439198345e-05 149.64956665039062
116.31692504882812 3.170907439198345e-05 149.64956665039062
132.98358154296875 3.170907439198345e-05 149.64956665039062
132.98358154296875 60.000030517578125 149.64956665039062
116.31692504882812 60.000030517578125 149.64956665039062
99.65029907226562 60.000030517578125 149.64956665039062
82.98367309570312 60.000030517578125 149.64956665039062
66.31704711914062 60.000030517578125 149.64956665039062
49.650421142578125 60.000030517578125 149.64956665039062
32.9837646484375 60.000030517578125 149.64956665039062
16.317138671875 60.000030517578125 149.64956665039062
-0.3494873046875 60.000030517578125 149.64956665039062
-17.016143798828125 60.000030517578125 149.64956665039062
-33.682769775390625 60.000030517578125 149.64956665039062
-50.349395751953125 60.000030517578125 149.64956665039062
-67.01605224609375 60.000030517578125 149.64956665039062
-83.68267822265625 60.000030517578125 149.64956665039062
-100.34931945800781 60.000030517578125 149.64956665039062
-117.01594543457031 60.000030517578125 149.64956665039062
-133.68258666992188 60.000030517578125 149.64956665039062
-150.34921264648438 60.000030517578125 149.64956665039062
-150.34921264648438 3.170907439198345e-05 149.64956665039062
-150.34921264648438 60.00000762939453 -150.349853515625
-150.34921264648438 9.059747753781267e-06 -150.349853515625
-150.34921264648438 1.0318044587620534e-05 -133.68321228027344
-150.34921264648438 1.1576339602470398e-05 -117.01658630371094
-150.34921264648438 1.2834635526814964e-05 -100.34994506835938
-150.34921264648438 1.4092932360654231e-05 -83.68330383300781
-150.34921264648438 1.5351228284998797e-05 -67.01667785644531
-150.34921264648438 1.660952329984866e-05 -50.35005187988281
-150.34921264648438 1.786782013368793e-05 -33.68339538574219
-150.34921264648438 1.9126115148537792e-05 -17.016769409179688
-150.34921264648438 2.038441198237706e-05 -0.350128173828125
-150.34921264648438 2.1642708816216327e-05 16.316497802734375
-150.34921264648438 2.290100383106619e-05 32.983123779296875
-150.34921264648438 2.4159298845916055e-05 49.649749755859375
-150.34921264648438 2.5417595679755323e-05 66.31640625
-150.34921264648438 2.6675890694605187e-05 82.9830322265625
-150.34921264648438 2.7934189347433858e-05 99.64968872070312
-150.34921264648438 2.919248436228372e-05 116.31631469726562
-150.34921264648438 3.0450779377133586e-05 132.98294067382812
-150.34921264648438 60.000030517578125 132.98294067382812
-150.34921264648438 60.000030517578125 116.3163070678711
-150.34921264648438 60.00002670288086 99.6496810913086
-150.34921264648438 60.00002670288086 82.98302459716797
-150.34921264648438 60.00002670288086 66.31639862060547
-150.34921264648438 60.000022888183594 49.64974594116211
-150.34921264648438 60.000022888183594 32.98311996459961
-150.34921264648438 60.000022888183594 16.31649398803711
-150.34921264648438 60.00001907348633 -0.35013270378112793
-150.34921264648438 60.00001907348633 -17.016773223876953
-150.34921264648438 60.00001907348633 -33.68339920043945
-150.34921264648438 60.00001525878906 -50.35005569458008
-150.34921264648438 60.00001525878906 -67.01668548583984
-150.34921264648438 60.00001525878906 -83.68331146240234
-150.34921264648438 60.0000114440918 -100.3499526977539
-150.34921264648438 60.0000114440918 -117.01659393310547
-150.34921264648438 60.0000114440918 -133.68321228027344
231.07876586914062 2.184046206821222e-05 18.93585205078125
192.50735473632812 2.184046206821222e-05 18.93585205078125
269.65020751953125 2.1699555873055942e-05 17.069488525390625
